5.829916e+01 7.778389e+01 3.853384e+01
5.971705e+01 8.249582e+01 3.956739e+01
6.072208e+01 8.703493e+01 3.697936e+01
5.931776e+01 9.099868e+01 3.449054e+01
5.531810e+01 9.261342e+01 3.142260e+01
5.187385e+01 9.371718e+01 2.559741e+01
5.584848e+01 9.994169e+01 2.376841e+01
5.614095e+01 9.189433e+01 2.499058e+01
5.794355e+01 8.995280e+01 2.222159e+01
5.826117e+01 8.770645e+01 1.718340e+01
5.989437e+01 8.814051e+01 1.237007e+01
6.201485e+01 9.163131e+01 8.507541e+00
6.494346e+01 9.484047e+01 6.749549e+00
6.897199e+01 9.728543e+01 6.778626e+00
7.331196e+01 9.967417e+01 7.565310e+00
7.553812e+01 1.029780e+02 1.121726e+01
7.416719e+01 1.056129e+02 1.573032e+01
6.972764e+01 1.063467e+02 1.871629e+01
6.500787e+01 1.050365e+02 1.892429e+01
6.123776e+01 1.029900e+02 1.710450e+01
5.751300e+01 1.001768e+02 1.666695e+01
5.918359e+01 1.025453e+02 1.079188e+01
5.612179e+01 9.829176e+01 9.652250e+00
5.317742e+01 9.429582e+01 1.003072e+01
5.091021e+01 9.111521e+01 1.318089e+01
4.942720e+01 9.098575e+01 1.750914e+01
4.562970e+01 9.180313e+01 1.854561e+01
4.071856e+01 9.169048e+01 1.712148e+01
3.345700e+01 8.757633e+01 1.679299e+01
3.523246e+01 8.236288e+01 1.858203e+01
3.707835e+01 7.762061e+01 1.802366e+01
3.896466e+01 7.377690e+01 1.568138e+01
4.116357e+01 7.138477e+01 1.170367e+01
4.338063e+01 7.128973e+01 6.524214e+00
4.650704e+01 7.360141e+01 3.169138e+00
5.013323e+01 7.576153e+01 4.191480e+00
5.419490e+01 8.104519e+01 4.268722e+00
5.811360e+01 8.298987e+01 6.707749e+00
6.143952e+01 8.151387e+01 9.526842e+00
6.445096e+01 7.869719e+01 1.077381e+01
6.712469e+01 7.301764e+01 1.341251e+01
7.152949e+01 6.879801e+01 1.575965e+01
7.562587e+01 6.877858e+01 9.841064e+00
7.222454e+01 6.891376e+01 6.269640e+00
6.865427e+01 6.859663e+01 7.100054e+00
6.372013e+01 6.722285e+01 8.748316e+00
6.065222e+01 7.026328e+01 1.230118e+01
5.728988e+01 7.227138e+01 1.365673e+01
5.504195e+01 7.642690e+01 1.341312e+01
5.141220e+01 7.837661e+01 1.201353e+01
4.948893e+01 8.464415e+01 7.699350e+00
4.615566e+01 8.456838e+01 6.336073e+00
4.237802e+01 8.216607e+01 3.720585e+00
3.865504e+01 7.902267e+01 3.533368e+00
3.515553e+01 7.651133e+01 5.268253e+00
3.197943e+01 7.433879e+01 8.453729e+00
2.954626e+01 7.491921e+01 1.265973e+01
2.772752e+01 7.752320e+01 1.646445e+01
2.638503e+01 8.146505e+01 1.960400e+01
2.369220e+01 8.466470e+01 2.140989e+01
2.115775e+01 8.904708e+01 1.943868e+01
1.781893e+01 9.094032e+01 1.654684e+01
1.425445e+01 9.071064e+01 1.311851e+01
1.105789e+01 8.858654e+01 1.010511e+01
8.023887e+00 8.607250e+01 9.592272e+00
3.924585e+00 8.821966e+01 2.130463e+00
-6.509666e-01 8.937431e+01 9.093298e-01
-7.364564e+00 8.787854e+01 6.313863e+00
-4.806395e+00 8.892977e+01 1.002400e+01
-2.483933e+00 8.711120e+01 1.430656e+01
9.037486e-01 8.421903e+01 1.606964e+01
4.166797e+00 7.976482e+01 1.765910e+01
8.075289e+00 7.715158e+01 1.633674e+01
1.148992e+01 7.614374e+01 1.244524e+01
1.480151e+01 7.801875e+01 1.072047e+01
1.699989e+01 8.124079e+01 7.304371e+00
1.940764e+01 8.562520e+01 6.660554e+00
2.279839e+01 8.897227e+01 7.875994e+00
2.620771e+01 9.042660e+01 1.184905e+01
3.013380e+01 9.094444e+01 1.486357e+01
3.537802e+01 9.702652e+01 1.886629e+01
3.892665e+01 9.684730e+01 1.754944e+01
4.342316e+01 1.014260e+02 1.645311e+01
4.691971e+01 1.033401e+02 1.526858e+01
4.947090e+01 1.116728e+02 1.441377e+01
4.524841e+01 1.091735e+02 1.752335e+01
3.828716e+01 1.068167e+02 1.716566e+01
3.418841e+01 1.072727e+02 1.818449e+01
2.981119e+01 1.115278e+02 1.673229e+01
2.927660e+01 1.165961e+02 1.718047e+01
2.703845e+01 1.206005e+02 1.778118e+01
2.255034e+01 1.229396e+02 1.796140e+01
1.741944e+01 1.229828e+02 1.890911e+01
1.349425e+01 1.219419e+02 2.137513e+01
1.130936e+01 1.191002e+02 2.505330e+01
1.312437e+01 1.171003e+02 2.922941e+01
1.495405e+01 1.167586e+02 3.338206e+01
1.794699e+01 1.194766e+02 3.703741e+01
1.777270e+01 1.232859e+02 3.909850e+01
1.649181e+01 1.258951e+02 4.217694e+01
1.507112e+01 1.331496e+02 4.176048e+01
1.210651e+01 1.345894e+02 4.339884e+01
8.786944e+00 1.349429e+02 4.635548e+01
6.743735e+00 1.326642e+02 5.120507e+01
7.250048e+00 1.311298e+02 5.659504e+01
5.544554e+00 1.335325e+02 6.048818e+01
4.282230e+00 1.357403e+02 6.526029e+01
3.142251e+00 1.376834e+02 7.016508e+01
1.844634e+00 1.395083e+02 7.508300e+01
1.541044e+00 1.402235e+02 8.042642e+01
1.663553e+00 1.397056e+02 8.581064e+01
2.718789e+00 1.379754e+02 9.081513e+01
4.464842e+00 1.351421e+02 9.507009e+01
6.904118e+00 1.310692e+02 9.765408e+01
9.578155e+00 1.269632e+02 9.865785e+01
1.312857e+01 1.230787e+02 9.706742e+01
1.601691e+01 1.205062e+02 9.388916e+01
1.832273e+01 1.188080e+02 8.978830e+01
2.046480e+01 1.183684e+02 8.529087e+01
2.175300e+01 1.191382e+02 8.051176e+01
2.241323e+01 1.204003e+02 7.530545e+01
2.218642e+01 1.211569e+02 6.996261e+01
2.088717e+01 1.222345e+02 6.482986e+01
1.868949e+01 1.221622e+02 6.033857e+01
1.549359e+01 1.220222e+02 5.649068e+01
1.169367e+01 1.223053e+02 5.293572e+01
8.620587e+00 1.216871e+02 4.913670e+01
5.002368e+00 1.240079e+02 4.575452e+01
4.455782e+00 1.266021e+02 4.122649e+01
8.128264e+00 1.272183e+02 3.864669e+01
1.271130e+01 1.305702e+02 3.546057e+01
1.762225e+01 1.316442e+02 3.336055e+01
2.067924e+01 1.291783e+02 3.187081e+01
2.247115e+01 1.247125e+02 3.099196e+01
2.334260e+01 1.205769e+02 2.960726e+01
2.661952e+01 1.129184e+02 3.372109e+01
3.093864e+01 1.124242e+02 3.467361e+01
3.399882e+01 1.112442e+02 3.185351e+01
3.631331e+01 1.082672e+02 2.776901e+01
3.821663e+01 1.024750e+02 2.483741e+01
4.315376e+01 1.005671e+02 2.436637e+01
4.666233e+01 9.399922e+01 2.577543e+01
4.248171e+01 9.153165e+01 2.792762e+01
3.903954e+01 9.030533e+01 3.118143e+01
3.754102e+01 9.030852e+01 3.639971e+01
3.754761e+01 9.289760e+01 4.082853e+01
3.713693e+01 9.596832e+01 4.433448e+01
3.723044e+01 1.007679e+02 4.539629e+01
3.636598e+01 1.053035e+02 4.482215e+01
3.388201e+01 1.089569e+02 4.185893e+01
2.943399e+01 1.101396e+02 4.078282e+01
2.385395e+01 1.138945e+02 3.927992e+01
2.041344e+01 1.109261e+02 3.998942e+01
1.615697e+01 1.078989e+02 3.925558e+01
1.327936e+01 1.040639e+02 3.969021e+01
1.150555e+01 9.953508e+01 4.116822e+01
1.211289e+01 9.593650e+01 4.502486e+01
1.324173e+01 9.325208e+01 4.971424e+01
1.333114e+01 9.536324e+01 5.485739e+01
1.252400e+01 9.790522e+01 5.941030e+01
1.016701e+01 9.551809e+01 6.345707e+01
6.397505e+00 9.330372e+01 6.662691e+01
1.656684e+00 9.164977e+01 6.861541e+01
-3.615818e+00 9.068888e+01 6.925505e+01
-9.008192e+00 9.035461e+01 6.924426e+01
-1.436433e+01 9.041104e+01 6.853676e+01
-1.866552e+01 9.081216e+01 6.767884e+01
-2.378161e+01 9.190943e+01 6.635004e+01
-2.831964e+01 9.432720e+01 6.469444e+01
-3.186652e+01 9.771062e+01 6.244116e+01
-3.313117e+01 1.018590e+02 5.973601e+01
-3.280858e+01 1.060223e+02 5.699358e+01
-3.050469e+01 1.098254e+02 5.470417e+01
-2.665278e+01 1.128497e+02 5.368537e+01
-2.190641e+01 1.143037e+02 5.303796e+01
-1.714144e+01 1.144639e+02 5.357815e+01
-1.248218e+01 1.136371e+02 5.436011e+01
-7.885265e+00 1.123208e+02 5.581694e+01
-3.306415e+00 1.109379e+02 5.727751e+01
1.539043e+00 1.098113e+02 5.779210e+01
6.116225e+00 1.094738e+02 5.744489e+01
1.074380e+01 1.088053e+02 5.634251e+01
1.594102e+01 1.068171e+02 5.640681e+01
1.948432e+01 1.027477e+02 5.447514e+01
2.196338e+01 9.919988e+01 5.145909e+01
2.164368e+01 9.700007e+01 4.625952e+01
2.125225e+01 9.634685e+01 4.137266e+01
2.028814e+01 9.742996e+01 3.640907e+01
2.064804e+01 1.013393e+02 3.273238e+01
2.329007e+01 1.061350e+02 3.248202e+01
1.943594e+01 1.113441e+02 2.716215e+01
1.630210e+01 1.111003e+02 2.285958e+01
1.472257e+01 1.117024e+02 1.834431e+01
1.558765e+01 1.143039e+02 1.429938e+01
1.848854e+01 1.162953e+02 1.113490e+01
2.212372e+01 1.176419e+02 8.107186e+00
2.698415e+01 1.170499e+02 7.042359e+00
3.062975e+01 1.134723e+02 8.353683e+00
3.503601e+01 1.101718e+02 9.792284e+00
3.736702e+01 1.055093e+02 1.039070e+01
3.706985e+01 1.003016e+02 9.380926e+00
3.656167e+01 9.678323e+01 6.790343e+00
3.356925e+01 9.530377e+01 2.348088e+00
3.226620e+01 9.625637e+01 -2.407529e+00
3.223799e+01 9.798542e+01 -7.221680e+00
3.499510e+01 1.003077e+02 -1.092385e+01
4.082396e+01 1.021426e+02 -1.136839e+01
4.545231e+01 1.002064e+02 -1.029389e+01
5.158368e+01 1.014962e+02 -9.099535e+00
5.277772e+01 9.878825e+01 -2.757164e+00
4.966959e+01 1.012950e+02 -9.504802e-01
4.548193e+01 1.039988e+02 -8.782759e-01
4.074091e+01 1.067623e+02 -3.066342e+00
3.604937e+01 1.080498e+02 -3.743508e+00
3.061739e+01 1.074407e+02 -3.364406e+00
2.732113e+01 1.043478e+02 -9.298287e-01
2.653140e+01 1.006905e+02 2.996674e+00
2.610411e+01 9.931642e+01 6.921886e+00
2.832152e+01 9.875253e+01 1.193578e+01
3.031631e+01 1.015811e+02 1.568186e+01
3.216865e+01 1.041803e+02 2.287332e+01
3.062636e+01 1.024200e+02 2.933213e+01
2.880460e+01 1.006796e+02 3.372391e+01
3.336037e+01 1.017170e+02 3.668477e+01
3.597931e+01 1.015483e+02 3.116357e+01
3.931988e+01 1.040117e+02 3.460057e+01
4.263902e+01 1.035492e+02 3.794525e+01
4.999182e+01 1.057255e+02 4.055239e+01
4.728821e+01 9.864302e+01 4.206608e+01
4.663898e+01 9.368051e+01 4.242650e+01
4.588235e+01 8.915549e+01 4.021055e+01
4.636545e+01 8.547811e+01 3.712717e+01
4.685126e+01 8.433473e+01 3.175499e+01
4.935786e+01 8.347539e+01 2.847084e+01
5.404720e+01 8.459119e+01 2.657625e+01
5.900422e+01 8.459764e+01 2.593023e+01
6.346052e+01 8.328775e+01 2.887396e+01
6.654343e+01 8.031222e+01 3.091264e+01
6.545618e+01 7.591553e+01 3.475860e+01
6.489465e+01 7.155206e+01 3.505655e+01
6.166054e+01 6.740606e+01 3.334231e+01
5.950057e+01 6.466073e+01 2.984407e+01
5.718161e+01 5.878288e+01 2.892291e+01
5.666666e+01 6.293717e+01 2.368608e+01
5.791724e+01 6.376126e+01 1.914539e+01
6.045653e+01 6.345130e+01 1.468948e+01
6.414702e+01 6.077382e+01 1.389602e+01
6.977812e+01 5.843865e+01 1.222165e+01
7.050157e+01 6.032616e+01 1.712433e+01
6.814488e+01 6.504485e+01 2.051630e+01
7.101909e+01 6.881440e+01 2.396877e+01
6.624335e+01 7.088476e+01 2.126924e+01
6.226681e+01 7.270627e+01 2.047658e+01
5.777010e+01 7.277863e+01 2.191747e+01
5.412522e+01 7.173551e+01 2.588482e+01
5.405904e+01 7.245491e+01 3.111101e+01
5.422247e+01 7.331557e+01 3.619014e+01
5.314893e+01 6.946483e+01 4.031395e+01
5.856631e+01 7.040879e+01 4.201650e+01
6.377334e+01 7.206163e+01 4.623407e+01
6.415904e+01 7.587987e+01 5.048047e+01
6.541271e+01 8.085745e+01 5.200839e+01
