3.507727e-17
1.338007e-17
1.564848e-17
1.664563e-17
1.824418e-17
1.708113e-17
1.541896e-17
1.207121e-17
1.051232e-17
8.689164e-18
6.968537e-18
5.418431e-18
4.674793e-18
4.429450e-18
3.514111e-18
3.102151e-18
2.949066e-18
2.810715e-18
2.584842e-18
2.420054e-18
2.584115e-18
2.701592e-18
2.801397e-18
3.692393e-18
4.933324e-18
6.703578e-18
7.389045e-18
7.712106e-18
7.696750e-18
7.108330e-18
6.557949e-18
5.579765e-18
4.951222e-18
5.125581e-18
5.994202e-18
8.764596e-18
1.173435e-17
1.736671e-17
1.711420e-17
3.879559e-18
7.882765e-19
6.664724e-18
1.565390e-17
1.132043e-16
2.571884e-16
1.507325e-15
1.616852e-15
6.302420e-15
1.273783e-14
2.331553e-14
2.199111e-14
3.254580e-14
7.236608e-14
1.290796e-13
1.866585e-13
3.420187e-13
3.083699e-12
8.717553e-12
2.984401e-11
2.850639e-10
1.738454e-09
9.799147e-09
4.037466e-08
2.495654e-07
4.544837e-07
1.520056e-06
7.370022e-06
2.690949e-05
7.202437e-05
1.860434e-04
3.533860e-04
4.962799e-04
7.080031e-04
1.387872e-03
3.287265e-03
1.212137e-02
3.962387e-02
1.053881e-01
1.695794e-01
6.667599e-01
